100 50
500000 500000
83921 15694
14278 42576
80697 75624
79144 63059
84459 63020
99674 45804
8131 20097
25718 82530
95363 3754
3327 71570
71008 74111
31074 52822
47862 32393
26808 4692
91803 74202
61096 28960
46065 10023
7465 98767
96981 74308
82853 56697
2069 68026
88730 61674
4895 39207
3770 36453
71380 85842
53842 60789
72027 32873
11559 71922
69809 70777
23580 79468
50494 1865
58800 34200
97668 49300
2149 66452
61297 19681
61627 53144
35219 68864
28507 99610
64555 81923
2480 99102
54010 22775
4623 31673
35128 74558
98807 73504
95491 58027
72115 6482
44597 3577
90333 15614
61070 86663
89405 76434
19376 9268
29615 49378
67786 76755
66946 96209
65740 12171
95804 6655
25465 25070
34427 7119
10107 90868
65206 86324
22128 86643
76930 67384
86977 91069
68849 69800
82292 65526
60469 43871
2327 76369
32963 65293
44189 42214
47826 17699
51078 73682
47522 46526
81142 1386
52377 56238
13127 76637
9352 82946
69434 7366
3181 39890
90153 7147
64274 35145
73048 2421
80786 8588
36010 95884
80828 6955
32464 57198
48240 22755
47516 35307
27558 98766
15380 13280
24238 49288
50497 30031
50034 62
20519 24567
11447 32725
69679 6837
58498 69813
92064 54455
22200 78160
49261 52376
70494 35730
127496 31709
148031 181446
188243 12331
188684 111555
64599 32643
64221 146034
195854 2236
83350 48157
108442 187963
124325 51381
169113 81681
179047 14592
3728 47792
78762 126237
88196 185163
181133 64949
89063 45194
130884 195904
108848 56551
96376 12337
106243 100264
42955 179456
60688 11449
197625 39761
172024 75301
1242 118278
113769 7345
160580 149726
14410 107093
140685 2440
45714 197528
25197 60552
69107 6983
197250 80901
196020 87761
102702 118444
162269 121666
62875 158405
118283 75546
198623 156112
108259 93385
141306 3611
20643 19914
135804 67427
69780 195033
135556 72356
182620 104594
119395 52928
6512 89640
147294 75080
8614 126718
58898 152553
176680 127589
133426 114677
122885 137971
108908 14157
61281 153724
28971 14377
153485 82800
117749 156612
140465 189265
144052 181670
62054 100047
113297 69071
29344 140545
88252 113981
53128 171394
186440 104795
81256 124582
162740 67142
113088 132440
30341 92092
22390 30033
75022 59491
34025 131383
115218 188852
141670 116624
15616 164866
124595 143265
70236 94187
190025 129895
79103 133722
131552 170929
121397 150645
738 26584
51012 83114
194113 138973
11532 135121
119460 157661
116746 54846
80124 6387
155958 27239
171958 73834
25933 85612
29513 181661
7721 84423
75246 78830
19787 52817
92688 163007
923 233709
113497 242032
180230 205846
155244 29685
145734 21633
150129 84051
146112 206350
120202 252408
239239 125777
202341 109236
52606 263223
118442 60727
288250 127287
130580 207624
273957 135606
55836 208928
237503 135095
721 191009
142079 44669
66148 240502
257336 76894
576 75592
297143 49255
81751 35993
99912 182502
168183 138177
39800 1880
194267 151043
253300 136847
96318 80364
19921 299231
170666 22919
20869 76869
154863 148991
194899 84084
241071 161554
202436 110686
197397 59150
195888 265468
239782 210636
169181 164890
295056 286726
115678 289570
140672 32181
258652 245667
272464 235083
169714 218557
269564 101034
124018 126572
154581 265919
191525 19023
81903 175519
139792 222580
41301 119996
2290 171618
206653 105091
241193 176418
294709 103638
166101 281546
107836 275329
134644 298823
260366 212283
134605 260199
168759 260635
85960 86753
184489 13748
285242 176353
72777 278159
101374 47508
106595 134403
280063 139820
65470 240372
76594 207984
109449 80517
26528 88100
235029 215515
200610 177360
237277 67023
271301 279887
296511 212175
282221 36503
239631 43923
92149 31744
237185 63159
115060 148850
277219 60538
176699 34479
144877 51825
91771 283322
44881 227656
164772 94019
192173 57142
33160 58417
171071 81276
192831 196106
4664 108859
106659 121538
207465 69551
64347 27229
30266 125643
143284 255586
391962 360242
31499 167327
235536 74479
50472 303731
385648 256178
98309 120732
25609 136424
308780 235614
335195 392565
163902 383692
72678 379537
139151 334646
165405 63164
184943 316847
257145 142559
326660 79673
197291 231937
191827 68495
149865 100770
44893 305039
46698 332216
367846 149059
353644 331587
251217 312587
247410 120975
371623 287080
278668 370310
59190 257255
308686 240815
41174 398504
381154 340935
223431 108298
276666 274426
93878 108532
7133 34238
359006 297539
293091 4685
296395 235595
335484 348221
82106 271244
294314 148925
17181 222707
211983 171246
94394 107721
326496 212699
319347 88380
305273 193943
204832 196488
183691 76274
382488 38338
178160 315607
255951 99905
77087 305093
39193 391593
55355 252392
212877 164117
324934 181076
333829 121185
5619 284509
249537 154513
290200 340245
247083 267105
327106 317411
280885 198121
4579 272572
211806 192621
202534 61185
314964 272447
227427 70005
317236 169937
361774 77017
139885 281435
299274 6054
289346 151077
24635 161255
3182 350578
259001 272304
119009 233865
150720 65214
31145 33760
257157 258093
254188 115048
52867 57296
8721 397168
308722 37424
8959 332854
242137 312484
113533 7697
275131 272906
2233 139060
172525 30879
266596 14367
179463 371457
222586 214056
4729 139582
265887 44066
202837 384184
188069 79623
36970 234327
379275 222567
161969 480299
258239 393133
466912 119581
376035 454858
162427 403953
254957 402497
224651 178907
146761 350286
418823 306842
432922 194996
270062 383925
310493 430977
476887 32177
361358 115520
128832 445868
421700 218779
300706 232185
126071 203370
369158 222904
25986 301372
83121 134961
90115 178401
177754 404653
53408 401331
110396 149682
236643 13279
91974 257881
116486 119059
49904 466765
399210 13669
172105 176514
484577 52157
121003 250031
489388 269664
44592 15881
366046 22299
51454 162782
219999 148456
240989 376587
375564 453728
30890 368026
193948 319261
72804 109340
464958 486378
42179 479
289214 200330
379688 174892
458054 468322
419920 150879
167201 460516
152386 475204
361083 210809
257896 234763
333540 493130
379514 363687
336723 108362
440757 95272
46055 395076
365323 332467
449481 115548
98196 140027
210957 312549
487587 178879
47927 360063
373075 403936
95771 493002
438400 488764
230365 209003
355186 445644
238678 476442
365011 370166
270456 357030
123746 245072
244489 315173
161312 118930
462091 216188
68744 72662
373820 422344
439452 182383
288249 394630
206234 312899
412861 214149
206317 460295
131975 340806
84544 427158
45498 441581
478765 393356
456415 221703
105844 481765
274821 394999
398951 364301
95240 282015
322 89124
284686 144551
158104 181744
252526 244141
395176 537311
41964 223114
464046 523735
599519 127133
434806 43228
388564 355414
354380 266718
144075 584161
238831 157339
169535 196652
98148 567672
132356 335703
115814 12024
74824 80823
47739 441686
374523 306183
253921 134981
200075 59629
534375 390914
154696 168548
527257 98002
457319 545610
207636 295197
285922 360392
546871 169319
15356 440921
514682 249959
516003 528505
155288 340678
20206 276204
134056 393717
16709 462121
140554 130859
290975 229473
4412 285050
519334 571823
347852 245709
212856 4893
322344 10304
327559 50896
23249 315996
598752 378194
540526 369198
508425 474810
69693 556098
271938 97402
149540 305025
528174 341957
598566 37796
373004 147163
126705 494996
472477 184242
256084 64288
498282 20610
505101 295514
570782 250221
4608 327311
231438 211018
237444 19936
562394 206861
494808 456897
467563 74580
25843 461582
453980 310544
313913 20101
8565 35790
306313 584484
90578 135329
392179 367328
84514 153198
65223 469759
162763 83348
278985 372946
195819 412022
533120 311379
166202 300902
345389 271703
195851 244719
464025 370799
466673 427647
60424 27233
291902 454767
141449 547262
530855 68081
491759 192352
227907 360085
128986 373954
539954 519544
238638 395132
52186 328073
470694 49753
568141 23481
4033 269783
229895 29567
93658 547578
198291 543813
528213 252045
540364 572146
566421 308438
148705 330453
386251 594709
259538 448363
411754 344537
298103 109293
383029 557023
69632 576025
100697 12007
22295 694458
546583 131829
480994 545975
628025 268961
161828 139286
687622 593756
445699 48491
128017 602528
609220 487169
339692 521586
257394 7491
608058 130294
286174 151527
515649 261071
416832 310231
60990 9266
515708 510430
115091 268005
500704 548940
140892 510298
122250 513190
238047 629122
408966 12493
137153 328528
463572 95561
456821 253259
231976 339953
457807 57838
422603 500282
676535 150272
123711 99898
199097 543500
100512 411895
525433 463452
323814 445393
123012 119191
207911 501289
341346 184564
66297 682733
582888 569113
555989 314305
194858 393653
458327 482635
228557 56726
453698 268954
417690 464935
408641 290772
598894 515594
505544 281915
587886 238350
390296 404220
243864 103661
255169 58484
307445 556741
681922 115774
438059 634033
426412 559837
261039 62723
10788 82755
141207 104288
268967 604796
561358 347736
140041 413146
416992 14048
187510 2973
482485 533550
610073 251486
358523 658096
526107 439065
148155 161130
366626 405
647406 602218
511035 583090
583017 250729
256755 144397
228115 93633
474943 211954
55927 469701
694331 557855
239829 438722
628943 428977
610866 429008
572174 467566
254352 501524
192152 672526
232249 463638
77952 474438
236245 120793
624071 606482
146779 12700
669511 527711
218275 354061
456748 348530
96442 557317
770300 413048
366799 617795
257464 382763
753834 104137
780346 314750
759196 622861
641758 488070
92402 594941
115005 675077
472707 51859
582677 99475
707433 304656
618308 791659
73164 361943
650995 582863
138969 287721
246992 436249
97746 663545
30067 317792
556352 230956
167650 117699
538435 254831
237616 669269
700682 91252
209472 711845
464989 79946
667815 279784
734807 560023
712111 665541
329522 473205
604536 793021
568891 786919
747066 470838
530148 637687
636837 23586
350968 109165
133737 310864
239081 20269
763345 188239
144965 270638
213130 603898
742983 563475
493698 438693
615562 744296
784108 702435
378328 260730
330080 429297
159265 728786
494622 16066
626055 420944
87923 442535
41366 266721
766772 216731
186257 507101
21607 239144
557543 54015
163330 539898
80581 295938
43979 673790
588229 362452
464478 143159
485316 736889
445773 312349
350417 602495
264033 323249
239681 41242
519935 201506
340703 369627
200614 745749
763200 433937
168853 65685
179253 487100
395914 6039
531291 100394
385700 13096
136652 730161
79466 376629
160248 72200
195300 16375
586894 417218
319463 143609
349331 791655
34671 416455
6550 164528
589348 57909
109050 260703
370687 540745
622962 505145
552454 449222
639116 760737
66355 479318
467300 715987
267635 732754
622457 75193
68298 222513
475644 38765
579987 522412
431748 390636
508197 648330
243199 212275
288146 213293
481923 537049
842921 887191
809059 651465
351291 442970
330045 171802
572346 545499
141200 343596
493502 382402
845962 21249
619521 351617
383328 698102
811882 626527
838903 895517
630375 548319
335167 337945
513107 167922
625311 899572
596887 667189
731115 571456
771117 823080
311506 828136
868671 516333
458932 266867
241870 90041
566257 26293
521039 871034
440380 199089
408143 534629
404623 211118
118519 570747
368184 541013
778507 691287
716113 239524
186797 200087
679086 258515
878239 224132
385135 462433
618245 29791
402132 55929
11432 557098
286800 169447
43990 797105
600567 779856
664359 362707
135441 735283
90427 775313
392080 518203
409247 196465
565054 799198
494063 161391
290800 660981
204757 503969
334807 822615
366095 371845
873333 305172
305423 581514
210700 809612
544444 238968
321746 391658
176405 232093
113025 863040
597078 62388
591275 148384
232595 540980
866026 826227
515553 344914
711925 690042
132052 718100
180815 284128
101315 193268
79738 352184
619656 79085
341289 800055
175043 519845
287667 814992
848958 274678
31779 796873
316587 699546
315403 808375
179722 125779
130521 805626
719623 889653
816930 55959
678016 582065
236347 766286
787652 406814
597095 867703
80438 33574
505995 851646
869937 188682
667325 805784
176773 649843
766266 799265
838498 82858
714445 363802
631823 813910
374726 381747
644706 353692
189740 487090
774090 967696
903135 266240
967791 702241
43217 126269
914236 895277
499068 806549
422601 414465
101138 269829
770561 996724
356202 502374
769209 278398
16839 877598
936314 621643
845846 887658
282011 684765
931538 678725
957169 20491
594424 414322
898244 219945
267964 360095
605112 470865
798369 3763
808912 626169
392885 821973
85532 305071
368374 615375
264093 318170
647020 520940
549369 366376
419381 12526
652865 688354
110683 659036
955895 892860
457254 145868
445247 93319
27685 811172
924605 546287
667298 409195
548423 690180
642048 155353
849233 524754
77530 93263
685691 582414
141728 247808
188629 845192
499675 975088
764002 959248
371044 177056
413250 335903
477938 852917
954313 862811
443553 311988
461284 631554
252487 623612
325558 188534
373567 809026
196755 519283
746914 890206
566505 735657
245488 260994
41826 426946
498505 22899
205431 127105
73469 392513
696595 846625
954357 471953
420200 177374
381222 669914
156552 76451
257736 502407
452954 405879
323373 736962
570427 924188
910887 484961
860914 98397
838761 722551
508648 898477
165167 250158
799548 702042
790116 715624
934919 960691
68509 268396
371526 959054
848975 611406
360576 25633
495798 880384
383 913844
592186 414074
975086 409273
986451 289462
270385 840047
670811 366036
463835 735629
253055 92739
46178 863317
982431 556853
13070 776425
830706 962701
416035 831341
444216 212511
1 999999